{
    "acc": 0.6795523906408952,
    "precision": 0.6268656716417911,
    "recall": 0.3442622950819672,
    "f1_score": 0.4444444444444444
}